100
94417
31701
84560
4303
88974
14840
97065
50795
23677
46478
2392
28909
77651
13959
50233
27938
19408
6749
8397
59668
18911
15574
53780
38106
93753
41574
21577
50106
83533
49939
5402
6377
84569
95201
77770
42966
4728
67756
73403
19215
54777
86699
2596
28012
11262
32910
5777
25543
72373
73558
31756
61946
8283
4120
46604
64370
19337
65433
41726
61976
36661
52038
96900
80877
54892
36892
44989
96171
73784
26154
90474
20406
53032
69811
45207
26751
70674
62144
43114
46183
91707
25434
64413
23541
46291
17945
84037
42438
74937
55538
37741
76878
25795
62250
36616
46678
57574
70623
77523
92942
