1000
94417
31701
84560
4303
88974
14840
97065
50795
23677
46478
2392
28909
77651
13959
50233
27938
19408
6749
8397
59668
18911
15574
53780
38106
93753
41574
21577
50106
83533
49939
5402
6377
84569
95201
77770
42966
4728
67756
73403
19215
54777
86699
2596
28012
11262
32910
5777
25543
72373
73558
31756
61946
8283
4120
46604
64370
19337
65433
41726
61976
36661
52038
96900
80877
54892
36892
44989
96171
73784
26154
90474
20406
53032
69811
45207
26751
70674
62144
43114
46183
91707
25434
64413
23541
46291
17945
84037
42438
74937
55538
37741
76878
25795
62250
36616
46678
57574
70623
77523
92942
87413
38540
82280
82120
28102
63091
16190
62836
6456
96109
30149
82749
64534
1170
43137
27204
22464
34160
43524
63448
88749
46527
63883
67839
58833
35409
40923
96959
27973
72651
87730
81783
91056
7076
52103
27125
33785
81690
24068
13796
28049
12713
3669
91244
58367
99732
80219
98344
50502
63496
38273
41856
5848
55596
41370
5825
75968
17498
23900
76452
99364
8813
11118
45623
61083
30921
98228
39350
50247
33674
38026
80200
76553
3502
80250
40289
27897
50049
54082
90449
12086
66500
43275
85257
17836
23801
79469
78433
43059
35059
85062
77930
99884
36023
85768
93301
13023
36025
35788
16333
9561
81184
7066
86900
53767
38263
37364
26937
31969
6318
98352
69302
37861
9357
72722
6872
4398
92169
33372
16732
16075
77197
35099
22040
47422
22209
24871
78290
6663
86413
90151
45947
74124
15816
11745
19781
17209
13389
44438
27013
84333
65247
25705
68915
61896
7450
35349
63126
58897
12337
93788
59864
85786
31581
87816
45890
73818
80888
54551
79615
45039
78926
19226
48933
36907
69012
64884
61867
84111
11488
10912
82666
84920
22070
93042
81613
47781
30082
94615
10947
97017
80634
82783
76141
54813
83806
9739
55264
59350
80487
12448
28169
30279
35717
73851
71169
59534
10281
28187
92126
70285
84314
66615
7391
26421
30339
11430
67042
74719
41428
37467
16005
94152
97904
68210
58075
50288
73932
15366
85299
87228
46890
42698
18043
69346
70788
60787
63177
10594
37706
34615
31547
16796
50351
77896
18209
47210
64987
58481
9069
88731
58626
31093
90478
30715
40064
90374
65755
38220
96185
10864
32947
41155
73141
41477
14498
76929
76153
17555
97258
68368
62177
67433
12322
61032
79491
76710
99846
94339
71261
16861
92154
10434
63673
59077
45658
80117
93599
20777
35507
58941
51347
82765
32958
20904
45088
32210
19624
88038
78566
8530
27911
12489
89123
46707
20309
53803
78914
52397
48614
91642
42771
79775
10989
84136
60873
19290
18301
26820
64010
42460
55745
14121
25446
52282
72070
97723
65109
54333
87970
6246
55630
41947
82461
86668
58493
13779
3937
59124
26645
41956
97977
93482
97405
18144
56202
4014
30829
88938
26975
91830
69748
42638
3097
13719
72520
80205
8710
17843
49983
82754
35450
66519
8044
48830
99855
79989
81831
78652
81837
92866
70250
573
82971
14958
78819
95097
38453
42403
97870
9936
5158
69880
84813
11558
49489
36143
97213
73574
99739
88265
76009
79167
45839
36862
98003
6521
4833
94812
6014
1779
50934
41403
62744
6809
63735
31232
58261
78924
62894
57708
23313
76912
35475
99724
16681
61583
44191
21499
10311
34495
47859
58141
47669
41701
31440
40682
70363
3667
70026
87356
43760
6575
73959
82343
55535
91002
36791
14338
4829
56923
46679
28291
18364
58010
51028
56924
98550
32808
16322
8064
18831
60532
74499
93646
90656
97456
55469
74015
16416
90436
67564
82674
73423
45367
21473
73859
33647
83932
1633
82949
98480
56365
11739
74074
45824
5018
21235
35446
34345
46603
95715
94112
83873
38918
28172
21189
58624
38897
83858
24326
46396
32601
80959
63778
32489
16924
1036
63324
30053
27261
47354
2207
83349
70005
76119
66590
40285
27629
87265
69839
84617
89135
39081
10986
14951
76601
55332
67443
35914
58988
26338
70211
71249
54914
55248
45565
93735
65652
89811
76509
7037
377
92762
70677
10621
29168
2922
28454
25081
47924
39267
76078
58590
29725
89424
49541
30548
81657
90239
58653
95643
30698
39650
95615
65211
30313
66412
78407
28625
39288
2766
43837
68372
93128
75219
68267
52456
91848
68071
74920
36955
46550
93660
26327
58743
71882
15765
23530
62541
12259
57999
26250
75450
95660
98444
66821
86622
83090
12311
12746
57454
40433
18012
17350
47722
50015
99977
71072
47072
55315
12793
22277
41797
43970
6338
69740
35893
75359
62819
78917
65601
83771
86274
138
62006
68639
6287
98574
16834
22488
20640
9458
67006
88038
95643
35934
40176
72558
81398
38386
20288
66666
82581
36143
79595
35605
72561
62783
95066
38361
80628
56656
72655
80806
99527
81495
3661
70071
6731
34338
38082
24916
3632
91171
38794
71305
82195
36676
49253
77893
68519
39441
87412
85349
17864
6148
58517
34266
93346
69725
3176
42792
25712
51163
69827
34562
71743
82727
1749
4101
38606
26383
13766
64089
75735
94873
57004
80370
22414
50743
65408
84835
85662
90539
89680
61576
88673
56482
57895
37430
64346
79121
74374
94199
43496
51427
37566
900
70477
97169
85451
87017
27354
55316
75638
73483
39470
46687
9675
72916
74797
27811
99346
7753
53557
96200
84099
81528
78805
87300
84826
63993
56026
35477
77862
7257
57833
15718
25585
34631
39845
98409
42346
77424
2157
45100
72401
25311
18355
64787
69057
27416
40234
63036
25134
56934
25758
12582
84447
44063
75872
69630
21572
89741
26965
46199
84270
30059
57355
70393
28702
70636
82040
49529
73341
39420
82167
71367
73344
32630
40995
42238
27005
45577
67795
71231
57040
80009
81090
14557
45109
3328
91298
38802
69164
10753
55743
37495
81774
93469
23923
8078
9699
35689
87929
80811
88856
35687
84452
58022
85776
96155
1860
70143
61719
84679
83860
25174
33467
79775
71711
83899
23244
97995
36160
3955
27203
62330
38873
72813
15053
34820
23145
10318
47701
11052
84351
47499
55474
79206
23528
45977
97059
30714
28720
65217
58065
5500
89432
63537
92087
59312
94456
42058
50286
90801
64156
7267
84747
45944
95351
66680
33697
89900
59922
93078
47975
64193
97248
40904
66058
21864
48202
61769
48424
13552
62147
31447
49121
30129
83328
91221
27496
1730
88692
16241
91571
90380
3688
79413
96452
13881
92372
95490
54856
52450
6452
54964
96385
10636
75598
72096
77942
65474
15645
50152
28638
81345
62686
