10000
36125
76902
18576
69120
54281
30878
1930
40618
28926
15935
45214
60502
94482
84668
99342
95599
44853
56242
19903
51559
14173
56416
53524
6463
32660
58730
4279
49065
95269
96627
79359
96999
68858
50314
29495
13893
95214
63975
1937
88756
80720
72286
82361
78698
69944
11921
56227
65819
37175
65884
81566
45675
5364
37884
34700
63556
80954
51783
29694
42009
76860
98714
46716
7319
96208
6190
89429
6993
1202
1054
32173
83257
36366
89668
10398
16725
69530
63339
691
96837
70060
57466
52252
35972
6241
80370
98473
18555
21654
9384
62374
78272
12552
14907
44068
56093
54012
59972
45098
74908
93030
99622
87717
69951
15219
28847
20100
26465
70432
64573
51281
84034
14452
33400
88634
69208
30912
4405
81473
14363
72268
81084
95830
1421
50354
30826
70555
16784
77900
41891
76330
81685
44697
96604
51907
85370
67685
46864
43711
58571
2114
14905
52191
78036
34840
22700
2314
30706
73094
69159
54355
72289
64971
10421
27953
65799
74138
63188
38886
62267
62046
84606
81496
60296
62638
92334
40728
26416
61121
96716
25483
7022
282
95254
67552
21366
71737
7346
5042
68421
91032
68972
40890
30939
28666
94572
2434
28436
47263
72935
74063
22713
16503
77537
56238
3873
96086
79035
14274
1653
42519
39389
15783
37278
39954
20714
56996
47399
22781
22734
82550
37170
47554
95114
87307
7888
24366
26694
5952
91917
28816
12610
96931
3794
53997
55694
30107
90640
85644
30367
63863
82707
68432
77464
77054
23090
69160
97243
35744
55487
60743
69213
28556
4880
35488
79283
85602
14007
99314
21274
60038
65994
76631
71096
47484
45629
93666
69112
71617
81205
29144
12122
11195
37675
6938
41002
35763
77527
28285
16152
13143
76619
3299
16456
49808
44951
44981
56724
71603
50447
35716
20804
92836
96298
54868
85550
44346
76242
44128
94126
81317
16494
24929
11393
4198
1779
3596
29273
46681
29729
49416
24783
74137
83541
65993
82302
11133
23297
33818
15360
39301
64357
84949
44710
29848
1098
38443
53166
44352
54549
72984
1980
51404
43793
46649
83425
13477
32716
71854
50871
38872
69212
5059
94023
64853
46938
43156
48881
54301
66842
98301
66318
43855
78968
32790
77085
13593
96073
1444
89278
41291
54201
45215
64342
7029
12295
2044
39219
13652
90967
46508
92653
98306
73232
87079
57276
38633
73022
63083
37976
69106
3660
28775
35123
91535
2700
42890
44096
43742
92118
4429
64262
93448
92390
97045
49273
13628
69810
93084
34956
2160
15050
90588
28362
31479
74322
79440
10587
69220
40916
26236
35012
47871
15493
46822
94602
73544
27684
32304
13407
23627
3184
18415
83287
78536
17197
49939
394
86403
48856
43095
90489
42905
37779
35570
17578
22871
43877
26952
70685
37685
29602
15467
38433
74270
2446
99969
30951
40168
44764
94850
26655
35643
34153
52109
12496
83050
70220
60362
3288
75899
60948
4441
45460
22508
88626
51755
6311
12335
58143
76170
9448
91859
99173
65453
98286
84454
22363
69389
13
51139
2278
70228
60419
27782
73953
62816
21503
81822
42226
72788
50019
39221
5653
92969
5240
24882
57520
81215
78222
99238
38961
9454
70532
23803
93388
4193
88389
18278
42680
21431
11848
41595
49563
97319
49053
1172
43160
88514
40206
11554
37177
63361
97562
48922
64731
40102
59849
71137
75885
43784
39899
91050
65900
70824
30528
93360
60958
57925
8433
12096
4930
90812
74549
71484
341
51573
97361
24841
98758
67330
19721
98578
21407
67225
56208
61292
76808
30465
41829
56504
44440
94718
65682
67368
36923
84388
72517
34713
35589
59396
19252
52492
3263
15138
55814
43516
61822
26487
5352
73413
29079
37141
82807
70342
48366
98561
72971
13521
64706
38239
31576
7946
82465
15307
43873
83888
41674
20468
37067
41447
17665
31308
43530
20160
75148
65286
33224
3755
74388
28761
41150
91853
59613
47650
89763
98937
70040
48954
49187
58463
5439
16260
35401
2816
45437
23084
86415
2996
17033
6253
89364
19392
68002
66928
50807
68296
91104
17514
56554
32629
88947
93826
1391
39085
92248
64022
6123
95243
16185
22346
72216
99725
43945
47897
35647
69910
69683
15441
38302
4759
21113
7354
67110
98766
26718
1529
30431
70535
74124
76268
62250
13740
49566
92071
7945
85919
42932
8788
76490
10734
25559
69431
71645
86336
98147
7815
61907
73070
82618
86177
80511
15323
93676
79956
2119
91321
39874
55006
56582
34687
69547
2240
33191
4916
93093
59052
58950
85198
66260
51454
31471
16318
55422
67362
25146
74783
77263
20612
43879
58811
32661
21163
37392
20667
21745
13262
63894
99071
94875
44794
40148
20104
3227
78735
7787
90788
89993
86746
67719
94575
97406
90133
12160
43154
38681
21371
26188
71034
12075
91842
32410
47660
76211
86016
16087
71459
84611
91705
40287
95767
36911
88766
38747
97998
93336
19056
94137
10395
9417
89024
15063
72510
97282
29762
33083
75391
1430
55024
25958
35676
74486
5384
68739
88840
57308
26109
9363
28882
91667
52084
91981
22488
87422
44173
79057
20992
51329
95676
11392
62141
7365
61655
83385
82547
55696
22581
81412
56063
53162
7476
42631
55329
34423
21427
69429
45488
89736
83030
44160
311
12911
85432
52884
52101
21646
78136
61344
16654
36745
38998
57131
95850
20912
47708
67966
78253
71595
311
13407
59012
45500
44460
37423
60847
52107
85776
30390
19338
29926
15526
9805
1489
23152
62137
82034
61820
85440
88301
4882
88156
60299
56552
36636
98105
33030
3784
60144
95574
10296
65367
13740
67112
42961
8755
43506
87365
44437
28800
77691
11106
32711
2691
4862
52418
46915
50274
54447
75183
21681
12009
68905
4410
53189
7945
30301
65617
8418
14914
64014
13974
76332
72895
31798
84258
98261
55901
58441
50207
29139
82592
179
6120
8824
79009
45759
58964
99622
7962
11773
15973
92950
3335
96300
73362
26584
43216
66239
46939
58164
6147
60864
47381
20559
16917
74905
42770
26334
59168
8474
84138
78857
5586
36972
3685
61673
37469
75864
5808
4606
43181
96100
47068
24457
27053
84235
56807
24
2674
276
5319
93669
6424
47295
72356
63724
11568
96938
83416
6535
70559
93749
67286
84718
7290
75624
17683
26192
46150
81576
40666
54057
78800
1893
47359
40615
3227
4331
73066
41583
97935
51953
34882
70110
20880
60022
83608
7904
32026
70690
15617
59264
24933
90896
81632
41042
39715
25337
78336
98516
1001
44483
13842
67990
52497
40858
92875
71288
93472
33221
7478
91915
75185
55653
53830
76523
73480
58113
42468
10839
48606
53924
44442
91961
71980
61239
19030
53709
68844
43684
83120
79893
72325
32875
79053
33043
27653
42436
35190
11821
45580
96135
31844
33079
96399
89206
83432
37138
28707
56640
97808
78486
68974
64696
77941
83252
73959
48628
49884
95764
25989
89239
54591
69125
84562
6378
41153
67558
67438
76863
41324
62623
24736
82063
7229
70231
26342
75653
11094
65921
66000
96114
64112
74785
35504
36706
7954
71223
79881
82714
46343
82330
44187
17145
8984
19982
10450
73804
31678
75462
94357
43059
49467
43118
87221
38242
56347
81220
16066
92118
46082
83808
53474
54502
2924
10583
69691
65068
80591
50002
26049
6059
25192
55131
32833
62166
82177
44987
80445
29485
99142
41447
78112
98444
42556
20911
50704
93162
89481
90970
6135
85704
33002
29852
91278
10171
54972
96912
72823
5677
5674
33719
72802
23151
11902
23624
1333
72798
59542
57856
85761
5906
87547
69114
59480
95242
74437
88805
6784
71971
95822
69000
16615
14316
32922
91441
10729
16666
2336
2216
34582
14210
8377
23704
63271
73732
65559
3989
76285
26091
61963
62422
69524
67969
13587
69246
23981
15085
3011
67680
90308
45153
68811
95003
6670
93887
82648
40714
99977
85336
29515
9097
45176
77859
46912
24569
84447
81482
56343
42965
55693
38083
66355
71037
16435
4361
39170
72923
14160
42777
99677
53357
45767
37269
31255
67803
47721
4063
93062
89117
48789
75901
81050
86117
86888
37615
89048
21599
70193
31149
55400
76708
37444
88408
8916
10546
87734
22787
17640
44789
64572
42736
87320
86441
72940
29238
4119
30950
81547
98374
89074
58530
96458
67020
67756
65886
90753
79182
90698
87481
16973
10438
42229
24498
92722
7310
49341
80785
46684
97513
9777
89896
60807
84152
43929
20625
39747
9563
21123
1273
85412
12072
25929
6030
94885
29491
77723
49353
27333
59562
55377
19855
22521
4269
12293
76689
30901
60613
70741
69568
7721
72042
55194
2
92662
62827
86998
30629
53016
47759
38448
40314
78719
97892
89997
81175
39584
47929
99802
42345
66357
57438
43201
41913
21463
30192
61687
78272
75285
11494
61148
35748
53175
59643
76132
47161
91843
83458
83788
27800
51951
41957
70002
66445
72798
8230
8409
65623
38864
99717
48678
9129
67429
16939
75037
54031
96242
47473
86368
85919
80980
46188
89909
46669
57573
4257
7040
94035
20319
76464
16030
62572
88491
46600
70522
5570
16230
93540
3114
57378
51879
6349
31213
66730
80693
15845
82951
65371
20031
85301
4149
25077
50659
75985
90851
49669
67315
17699
66147
16727
74769
28846
1703
93110
96242
1704
99823
31934
5959
29541
5239
88859
83212
14641
23657
77180
8934
81736
8362
62203
67201
86993
46995
66514
6348
77886
83043
10178
65589
5322
90329
12069
42075
78049
52523
43263
88106
71957
19758
47030
18195
11438
97305
32305
58641
94230
5721
63312
11413
86320
21988
72882
46641
68963
84865
13503
93338
69753
1072
94938
40292
71677
10228
28340
89220
74478
33142
31489
65395
54459
62855
90498
24815
14852
55152
82623
92037
152
76949
21301
49683
31133
55851
14884
65060
71527
2291
80326
97622
84306
31423
61874
12566
58657
20081
72660
48714
96344
73581
17301
35966
57057
29718
5881
22969
39516
17600
33275
80803
48112
86369
26927
4144
88319
21314
27424
54811
69940
63208
99039
55773
19032
62286
70053
78086
82951
34123
12578
1860
71192
28009
4576
96638
12331
43444
72954
41650
50433
89523
27073
60117
15240
15681
84220
15731
9759
24945
17840
10762
33864
75499
46960
88453
42375
3708
48007
22358
72768
6033
44035
21686
27244
92646
71653
10891
31400
32100
65711
25379
54897
75794
39827
32489
75794
79515
94067
31760
95993
68276
33968
88210
11192
33368
7167
73728
69760
8009
50787
24643
26623
96609
37906
46888
65465
980
354
9357
65237
43893
46472
48911
43238
85847
53373
31162
49054
28185
29074
54093
34176
20370
57890
34372
59963
17097
90135
79567
5963
20891
71245
64232
23009
64391
37960
42270
1897
31125
99987
99994
47858
59705
34507
92378
96700
1341
42980
87234
59412
15237
29762
17153
11411
83639
77863
22337
92501
84142
82787
2576
19026
93988
65709
29651
91335
91223
91985
85228
96036
76184
31290
60806
48165
70920
25386
17690
12615
58289
17102
36147
14355
91788
19757
94746
65
49376
82638
85634
51340
19896
37383
95909
51615
64260
78397
36903
42309
59675
18633
95557
72485
61946
87803
14440
85490
7943
94340
55226
53919
14466
71447
30515
80907
67831
89748
14257
30979
2188
39122
89041
75722
72475
48837
41694
1380
54075
52906
21886
30574
34574
17812
8165
7202
18430
36744
87154
76643
71451
95191
61450
88748
90422
13114
37193
29693
73768
98495
73505
96676
89223
64133
15585
19961
2840
6512
10952
17066
91162
93766
11804
61445
27936
19728
25985
31699
4464
99820
98487
66935
51116
91129
89789
63128
18236
48824
67019
17902
63836
54956
11987
12442
365
23258
27900
9469
59435
7927
4379
77697
84803
2285
72799
80219
3764
23683
48869
70113
22410
24755
86733
32272
66751
39392
733
36353
68737
27340
52608
79202
27620
38922
93919
61961
21603
7285
81
71322
5093
61889
58766
24055
36081
86447
46243
82096
1232
42242
1410
39469
70616
48574
91019
33072
82271
37176
93685
95669
47753
3963
9798
37277
38868
21940
81885
63395
39868
98381
52036
7368
29689
13815
97302
74732
90910
29895
36572
21116
15295
66992
98640
31118
10416
12601
86653
49785
83921
29008
45480
59811
74891
90276
10582
73004
97365
1242
99080
92634
53376
90530
84998
5853
45633
28934
71815
55778
44433
69976
87074
22522
2100
31559
66211
65909
36073
55264
80459
57075
79335
39893
65708
72898
86683
65904
9098
21812
11533
37713
26960
17593
93560
59290
92052
52488
90459
35031
3178
57886
79296
40878
42558
24495
46233
57174
27356
66769
62763
35786
8466
21797
74067
98081
92359
46729
29525
46421
95785
36023
32159
1663
78978
22171
35010
91889
66183
73852
82870
12462
99926
83377
66971
55497
20843
23509
33965
16747
94650
1382
46659
77202
21091
64639
95986
31772
5716
61367
92216
47187
33276
33651
25458
78883
75936
55614
42476
6721
874
1071
59938
35568
57764
55644
79966
21764
69625
60705
69208
12934
88580
26377
24982
77512
50224
1002
80648
58946
56135
56120
51089
60451
97015
48610
48577
33452
74240
58786
24874
25624
38782
36299
85915
22339
76220
84266
47122
13219
47119
8478
34107
62615
17604
34117
43335
97064
53936
30826
73385
36534
48842
67732
43729
75074
16351
96775
21577
21748
38879
78942
1024
79681
71123
78631
25831
67917
42117
45394
77789
63824
4587
7992
95110
94963
45251
79636
76044
55316
9760
39972
29098
16534
91055
56891
42456
78560
72489
76557
96339
31264
83388
11516
36717
33406
74295
54640
7992
71722
99970
45223
5115
35702
22785
63872
30276
35867
7578
1385
11568
26536
99217
57479
70696
63039
86189
19923
23237
61610
46732
49453
20889
90315
82792
38422
63632
81425
37935
51007
97686
52691
13546
43512
47676
24924
38035
66678
17391
18599
67000
79135
20775
32911
64570
80899
43354
51198
61039
73533
10841
9032
93827
90470
58785
98342
31575
27234
97949
34110
13121
49754
25626
73473
43979
93843
2621
77208
55079
28216
69363
50047
58460
68160
55927
57399
36308
20201
9697
25806
30517
89616
701
60849
20486
91171
65197
40790
2077
3762
18898
39047
42850
29818
3267
3655
82104
58005
71406
40542
82416
27381
11249
56754
47272
43736
71855
61112
23406
93357
68538
29599
29899
74997
63005
89041
69594
84151
81010
90008
83991
43667
62201
9410
50139
99785
92707
37952
21268
16025
13984
20667
58810
46095
75583
71864
54984
13428
58272
37685
31702
44737
50019
94694
81409
4373
81909
76577
68122
44118
96613
7740
96295
64452
6236
37052
18716
13088
24129
93587
17968
73594
85533
88927
37377
74983
95884
92726
32995
68138
46214
12097
78638
48101
40111
52639
65319
46693
42329
71199
72459
34207
17672
60627
32681
67198
51405
46422
42937
81400
12332
48262
65918
52324
49398
95334
20317
33773
35724
62883
88265
1949
25310
92038
4592
68864
69335
40772
31808
62318
61864
36589
35060
18209
7798
54070
82080
57071
17628
74019
73857
45256
56380
21525
50311
66688
15847
59281
89800
98363
21187
33162
29142
78678
47221
60648
69984
7282
81732
21222
5270
87070
94199
88860
46859
80548
71515
71712
95257
97315
49187
24118
26207
26337
15751
45678
30061
77373
12093
55661
81953
21506
69282
81924
91159
20728
35672
4295
65185
2105
78228
83551
10497
86927
52803
31067
30120
98271
20729
81593
24644
69111
31449
34549
37126
71164
26693
18883
72123
26503
11196
15681
96440
42893
1499
9718
51247
6781
57745
59635
91587
77716
44674
15748
63146
25139
54209
61213
28675
25395
96606
12079
73772
47132
31579
28571
68950
39008
53607
37135
97486
72906
73822
19502
35079
69628
97227
81924
39872
20536
69506
79919
81420
4288
51418
69571
9640
2336
65502
47326
92466
97257
11893
39312
53428
99919
50863
37992
96733
47916
90503
58230
34889
30603
25837
40928
49050
8620
10107
56481
67411
85294
87719
93609
36110
84559
92920
15677
9348
67256
9592
33244
3705
98374
35918
34052
95696
72498
1871
19988
25181
14430
87019
10618
75315
2678
26154
62860
85648
13908
98595
16013
63869
59254
1448
33344
50637
77580
6860
25831
59717
98146
18044
55384
95814
86745
53280
76212
34291
38108
54630
72953
67610
45585
24675
45214
51076
3663
60014
88776
84759
29632
87644
73293
53746
41747
24089
170
83055
10102
68504
40217
74469
16120
47220
83953
545
85891
53067
22304
41058
73513
15743
58749
714
1250
59672
3250
38570
82940
82338
9239
59410
52386
52236
75559
22573
18843
2744
23454
80860
81224
86208
16542
85745
12380
69466
4192
37586
3407
65452
6533
43644
27376
30313
75233
49261
82144
47736
73201
526
27778
413
14878
30920
90295
27275
78249
23922
56285
18919
46878
9972
21691
22527
41577
59252
63067
52706
84777
67839
63206
56906
75419
22559
4070
97481
53253
3120
30627
38009
78121
41390
58159
88687
93533
75320
20449
71637
27305
5563
30088
69155
4377
71050
58372
50062
68684
19663
40112
35449
84714
37225
5425
40530
36034
32228
99185
78379
80453
71891
31235
50990
18710
76940
37208
11745
4746
29239
35642
6473
60952
78368
23539
98770
94330
85616
15452
11741
42853
87647
44098
56514
77846
83875
85851
28077
73574
12354
38739
62514
65227
32379
24652
70265
81005
53754
41642
44856
8428
83587
36833
49654
54883
54319
89375
26112
64975
38748
47503
11250
98837
24758
54471
5874
82542
99219
43691
70471
65669
89184
76862
626
88428
23605
62455
3329
8996
31977
48291
56663
35559
1712
59430
71461
28456
92165
82264
95972
85088
24668
45516
59794
28163
62278
79043
49570
51389
77408
77824
29399
50749
17841
54897
39359
53848
25966
19380
92396
4705
19740
49210
3747
59926
26687
78175
32123
111
19066
17917
76805
99942
9762
75622
12027
47870
56924
59141
39018
31612
7025
60863
54844
43819
32660
2996
12853
97376
86210
80835
30589
36054
57209
29796
9408
65098
28317
85008
99622
65187
210
47920
13234
96860
15563
75103
9261
49614
83070
46903
25022
60085
46830
77766
62464
23498
91338
23190
23392
36011
42236
14951
23889
19764
38301
38708
50411
45460
97592
18065
54782
81083
35654
62759
40880
22568
86009
59773
16153
47865
87289
90689
34226
86261
25241
30904
48183
21166
94541
93187
98105
30730
13997
92843
97273
75910
26938
93745
44497
75502
50552
85401
22177
14887
14822
50199
10483
88575
60138
28182
26279
69341
11749
5215
75174
10290
34688
71906
63250
15316
80378
12385
40553
57235
65884
46964
9432
65758
20207
8800
57811
50551
65439
87187
18890
11386
14067
71231
78252
51279
47625
40857
50931
2108
73215
9428
95162
94614
72730
62093
13190
36502
19839
15439
18425
76081
55123
41396
4259
88972
70297
2762
43394
24693
80215
19508
47306
81819
47211
56580
60130
38225
47786
67382
37547
96324
28717
21075
85850
81931
84724
8176
84706
86777
19756
21325
11351
92547
40807
96633
60994
30750
21903
20805
39459
78541
43700
69757
3214
79573
644
11641
13538
69501
96069
63508
73609
73197
30788
89461
28346
21063
97049
4635
1691
58715
60052
9552
74756
89218
32079
82051
38068
74909
59740
4069
2209
27032
6707
19125
66851
44531
59387
1047
69631
53782
74216
86
10018
36625
4754
19656
6465
46966
41878
10360
90910
57294
37084
29721
49058
89244
84427
92087
91294
13069
42443
42656
54330
28465
98552
12616
30324
60591
22413
26103
2696
35905
44870
30980
28834
7354
42607
68821
78875
44189
39302
38651
1003
2513
35359
59238
53253
98143
9410
46383
34701
58215
21584
33243
33160
71591
28192
98347
54662
48330
85323
84109
59530
35010
28825
35910
77643
80556
5551
60536
33797
38131
10745
5248
54178
80507
87978
88449
6211
91599
18193
75587
16214
68159
27197
54953
58252
23874
62850
17428
26413
48333
75048
868
85188
24596
89653
89999
88598
85671
54434
32071
25723
14593
92593
9898
49668
21636
56626
36876
72681
45850
32756
57428
18386
91973
37102
79431
82027
5068
13669
77565
93258
58261
1739
50485
30721
41679
80012
8454
77683
55789
87053
18179
77987
40835
73759
58837
90295
70914
40884
165
93494
36238
6178
65869
59915
50875
92658
36726
93777
71910
99091
24839
63353
94794
81375
98580
47772
9795
50000
71839
40419
46751
33805
29210
15657
15700
17378
61009
914
8820
93156
69504
38507
47741
55834
93431
91939
17399
18785
41757
40577
73990
71871
59229
16332
27914
27500
18658
86256
5554
15530
5283
25612
38595
62710
20736
50345
64138
95570
40920
25492
1478
97252
83141
47773
46043
4228
6888
31098
76815
43841
4293
75492
12485
44196
10913
2957
88499
39469
53766
63793
73770
15072
19845
3886
48004
38838
26019
12294
23576
57317
37920
52703
67114
20581
80749
34268
43257
70060
86971
20710
53774
31631
22711
70395
18669
53966
40765
18278
2738
18577
54737
37857
96178
17713
61034
38939
26103
31888
38431
92258
54276
45051
11661
80730
71028
11104
73083
40889
15897
27023
68041
82598
81106
81100
96658
13565
18282
27691
56173
11746
56331
66837
32207
60222
2773
78186
66950
56977
5984
9465
84581
31410
83512
15564
83398
83884
65132
33167
75822
4628
17323
75183
65805
29042
20262
67315
67543
26641
31618
10355
16765
66562
99112
97034
80574
93202
62549
30409
2615
5750
55678
98020
17634
44570
42602
46196
35854
47248
77675
47763
66498
71472
66029
88998
69536
84082
12994
76560
96741
93875
23333
61020
96542
83290
90946
73066
28069
14847
32941
65257
91145
9699
92697
74507
39459
77525
29143
55528
24677
66017
5983
10847
22832
94106
37234
35208
68468
30982
30574
54399
76865
18875
18775
37999
11867
98455
6401
25865
95760
84978
46989
29936
3754
22717
51885
40197
34623
10330
310
21861
57927
4312
61707
62993
88670
86450
56918
44793
55005
90184
71677
63097
17770
68045
61875
33328
17386
75566
94729
99483
78090
33204
8761
16116
59748
50010
62812
79553
96905
63688
76429
68235
26295
69069
67091
50523
56406
7560
66203
25221
459
98335
39254
70034
24618
3946
32402
31094
54319
62205
45610
40387
60567
26113
13246
9854
55942
37362
2318
14502
3613
14761
50140
59549
57771
30276
43549
85529
57243
52328
61872
78539
70589
22513
63127
65632
36156
46071
81869
29316
80133
64041
6512
29922
57732
10450
19980
68781
93085
83328
33662
7732
59265
10587
58200
42841
78032
41381
6420
27009
16130
23208
49021
70976
86336
78424
58582
34273
86850
28339
21923
18918
31249
44854
55217
67699
18193
99843
29692
85869
28885
39641
37887
58759
16029
96007
64886
95403
39576
96957
76140
71764
64742
17706
66822
75716
11202
35922
15321
82365
47483
4968
24163
99113
57739
15286
15593
39470
42623
66514
61023
66437
70744
50128
25366
94018
79288
56484
74425
1745
47426
91915
2229
43738
74524
58081
67842
50931
89370
3992
75679
3258
12289
36897
92003
12907
71116
75268
81154
59526
41083
37307
8323
75528
67942
19602
65834
42416
603
91901
57237
57454
36953
51860
81971
22015
79779
63660
4262
1241
53225
60709
70599
24674
76186
99938
37963
31581
4300
16141
18836
98694
844
82703
71381
97726
24593
60524
23578
82730
46698
88176
8197
97804
12661
64
99150
10227
79645
77125
83287
80050
18813
11067
30381
3867
73988
1976
7837
34714
73293
43888
65390
93925
22781
43011
67922
75373
40595
7016
65429
6240
54425
32954
71840
32649
85762
92381
85131
20471
31064
90772
15278
70312
33019
24029
59661
37423
29115
44500
6101
1579
40487
28426
52888
38081
4081
8456
24178
81509
33200
97690
28031
83368
67491
14111
12904
69332
83643
41518
78769
42072
27059
74470
72325
68021
89825
78922
89044
8546
81458
35582
55830
23537
68015
1678
87072
92984
73191
58599
26741
23776
48579
84943
56537
40387
96586
50537
1334
90576
3729
87085
80906
46561
7961
68874
57718
28382
70919
46827
56954
26779
27833
1408
49670
58886
33007
54167
14423
7240
5925
75829
50849
39205
73125
80570
17590
2522
1650
23701
56502
38558
70039
2880
26255
66678
71094
73070
55574
59104
21927
56809
87016
92492
46641
93196
98283
40107
5993
763
13172
93793
52008
36947
28032
90870
44697
89800
83010
36613
25678
95035
18837
64315
93353
158
5711
7416
44059
47462
41058
31709
20159
55066
12467
49155
11352
70674
56418
24239
9476
20409
86083
59703
92283
21373
33874
74904
32571
46361
61268
19386
455
29276
46259
62767
53998
87510
94250
77640
1683
37243
84087
2475
79669
97025
56740
42319
7751
99357
71003
93150
54117
25810
77681
87469
43249
78219
58346
25949
38455
67807
71846
7746
68759
64957
58895
50879
34581
98778
84851
34257
8861
99893
81036
32634
24063
99744
68463
32869
86899
33356
6323
29008
7160
32060
38452
42474
67260
84646
39668
64465
72022
54631
2785
57086
43382
88969
95773
75968
95237
29971
79850
95106
60110
63930
19785
26959
31492
93662
54709
45963
83104
54844
29492
25945
12840
91044
57731
6573
65174
28294
93820
86500
52203
29879
97463
43955
15729
98523
51752
9483
12612
6308
41138
42393
2579
42684
44843
60553
34632
24294
37206
64022
46168
57915
33120
47152
49186
9937
82136
97229
20974
26335
19232
17035
37845
48121
58840
73525
90106
23555
48246
11342
87503
43338
67774
12324
99669
64263
15459
81689
71173
66278
20784
3954
50925
66770
42971
31830
97767
57871
14431
56610
19386
83446
33958
43742
65853
93760
75433
38057
54159
72731
65584
9574
64782
12214
73050
19402
86093
49228
27476
93638
24151
94060
53166
77688
68335
1094
65778
88144
90244
50889
37169
33613
3393
63838
65552
72044
53752
28766
95676
46646
30796
58882
70948
67040
20076
66345
50355
26934
77050
98149
56129
13397
36846
49330
18805
82565
77452
52851
54189
81456
50872
47568
66622
35102
70396
80385
57969
18610
65787
59255
9815
52808
5005
68725
13681
73191
95107
9821
3511
31189
12311
6499
12173
57749
88371
63800
1004
47436
26269
6650
99136
76312
20713
87899
23052
34538
37329
92692
42190
54741
93895
99872
92178
92977
93304
12153
96572
84954
15880
29742
14013
88370
23077
46476
52778
42386
52743
94663
68725
22922
39946
3899
11657
62584
85057
35149
84487
30954
15343
58942
96403
7496
86669
87501
42130
72887
54635
52340
10556
34219
77381
3274
96409
15823
22973
683
9127
56647
53597
60098
24297
2235
46312
42009
20225
65718
91198
65331
21655
48914
16907
88883
3436
92379
77700
68635
13433
40377
44241
93305
14580
76605
96216
85384
55894
39935
43815
79277
57814
95925
90335
97309
80636
44669
61244
19242
37223
95837
33098
95972
13362
24446
29740
40980
64938
83778
86793
61254
5716
20287
1435
2418
71871
78448
35247
89536
54080
79155
6160
26417
86246
40574
83387
34476
22352
62027
21207
11076
27426
42463
67241
56230
8907
53385
97179
80445
36548
86945
49770
55387
3278
51887
79223
74822
69961
31036
29225
37996
63027
49655
23975
19584
1111
54085
17655
91411
55404
99993
97842
50363
82223
72910
56197
90718
81097
70488
18540
96438
56689
88858
32984
35013
15455
37635
4780
13844
84051
19892
26240
5419
95868
9068
88973
42957
88093
52131
88975
74773
60909
16820
34600
18437
76855
92087
72793
3560
60144
74358
3178
84196
56910
18358
67718
35250
13975
2489
76371
14953
83449
43251
72697
51502
70314
428
42645
296
41850
67290
92184
76591
71328
388
49427
89812
8444
75482
82884
31028
10198
85767
4438
11398
41749
17747
68116
11073
45630
13662
44608
95797
42869
999
339
41687
41147
67395
451
94823
90369
45919
74200
65972
35328
407
30858
97732
40263
43003
25209
87792
93201
60260
94204
2912
90675
18886
63911
13572
19979
34264
86962
67518
34770
26023
61759
11641
93224
43759
92646
89929
74657
52752
1417
66368
18884
66308
61481
59023
72811
41490
68231
41497
76371
5212
82831
1235
20764
59843
14440
90197
41016
13054
49800
82040
11038
54621
98035
71245
20611
52682
15326
75326
78863
48419
23240
88963
54169
24358
42875
62924
1211
69062
38269
14348
83882
1614
16854
26701
95413
79392
58440
35474
87099
21026
70879
1221
59501
40675
80500
10224
39202
83443
65827
96092
77234
7653
45660
4477
25966
43683
19351
84796
90549
52110
2846
37278
73122
24914
72040
77130
54179
71051
50355
90254
37622
97585
63666
52976
14791
65284
25184
96068
40114
9300
31229
6957
85630
94854
16976
66011
21883
50733
23201
47707
59141
99682
65557
13855
5468
84212
54626
15299
48388
45985
91671
22896
31199
16904
47169
11449
8288
84203
88457
68304
47047
13994
18175
11366
33064
18478
94981
16560
81181
25241
33921
99322
25553
78295
43210
59619
93956
5944
64568
52786
46751
64473
42798
87569
40535
78557
66541
93731
2534
37058
28821
86999
33328
89425
46551
83797
89052
5951
16266
64459
35600
80298
27687
65196
38842
35992
36799
63200
9606
8369
64253
16614
718
79251
37622
97113
26401
82896
70078
2035
76352
60906
52576
94270
20522
3767
42268
70606
62712
43194
84578
61052
25100
44491
59973
18462
94801
22894
66412
96405
80983
78594
78425
28895
97645
93005
56190
29287
45657
44703
95442
59056
11922
57039
23134
26637
48333
40999
96116
64823
90857
81403
38585
34612
31362
11265
41841
37106
50655
67026
52749
27142
22329
36892
85937
53728
64378
19859
96449
26784
95211
37734
66889
812
83214
80888
46511
96987
598
89881
68849
91472
31430
59832
12983
23699
82819
86442
69143
5676
96267
80788
19157
97670
58822
43246
16246
83836
51883
14869
41185
94344
71964
52388
42875
68908
4775
29018
4905
58935
21302
74410
14437
89128
53861
3793
99317
28749
2309
8417
99269
90704
57312
64203
29617
94574
66428
56071
5256
63658
18574
79586
97995
16363
67070
21601
2780
94895
30280
22579
19770
68612
76392
28010
33859
14087
43832
818
47876
63623
983
42765
72105
46558
45619
63801
80552
58018
73411
52271
40921
42515
45842
35168
74801
48355
3691
65655
88764
69651
5350
71243
44647
8605
18118
65096
1011
86599
36691
11144
97585
34903
8628
86025
64756
62813
51293
7763
93431
66593
55631
81898
80476
77010
91997
61169
32071
83396
8123
72326
52035
50462
85706
2231
47290
76764
25318
5864
49239
29380
84166
55200
54328
34539
31377
1954
38445
15142
16145
36976
2318
83203
9850
68759
48526
81760
27467
99939
29926
37816
18284
93132
25594
56287
39299
84461
99300
97760
18590
733
71679
54950
39095
68397
65881
17433
70233
90411
66681
65401
6038
95145
43480
23322
35737
50814
48353
49841
92001
49681
41146
37456
5702
86778
15908
37356
39058
18379
30710
582
18977
62115
98718
71255
51724
62879
75526
70969
6729
77876
79284
74854
12343
41180
7551
29513
83945
76700
28531
56171
65571
25833
25602
59848
13928
57241
64161
90619
94017
16720
64326
1735
32854
16383
32814
10267
6544
7386
33532
20826
51931
50800
94921
57232
45012
80174
44561
15143
63568
70456
28229
63159
85335
57648
11578
95176
3297
9997
14082
65143
4512
29919
56284
77733
84211
11360
77964
75376
94386
90863
38910
98418
80417
76077
28072
3905
45974
39148
35655
18722
52742
12049
52352
82270
43462
23737
72501
28924
59826
57792
19396
68968
5933
35184
22442
89208
60516
82817
66073
7121
44535
91393
34000
52676
25581
3474
78822
41962
20200
37930
59445
76237
43258
10800
45868
51913
86992
79796
56295
90108
77234
95295
82147
92162
31596
73171
6451
88344
2722
40630
70265
75625
43918
33180
35094
15088
59270
30870
62715
13524
10354
8488
7478
6429
69404
53911
96352
38962
78982
89849
1530
23807
29473
58762
8709
73215
54696
37587
20958
16127
70767
99525
36305
13123
52783
55049
38214
20280
6251
54079
92733
38442
89573
87522
71998
78339
11243
96806
31749
41691
77252
20042
45859
52128
74000
33975
951
14758
74435
30468
82543
27207
15089
68152
51889
64406
97848
38846
85166
60683
48921
68898
18172
59725
56435
70675
46466
19120
54283
79328
87004
64293
56633
94276
34490
66787
70994
90782
66113
42926
17525
83174
90598
5258
97333
5901
9413
96920
44421
35552
62695
40605
92320
37558
77435
63174
40020
77967
42027
99244
32545
51384
18924
15086
93853
88827
1878
80513
74815
7252
71975
78012
44715
93577
9264
53661
92568
28455
52452
51949
96431
44560
5662
24988
32848
1217
92100
83540
76502
54490
96748
58393
55099
1005
22337
18393
32034
2171
95681
46843
41750
61206
6266
51750
56400
94256
24128
39820
92068
78685
21615
63495
42214
4094
99812
90471
6396
21153
99999
97109
13315
4234
26390
44143
68602
34765
13978
10311
60201
29574
85493
81229
12261
23874
2442
86899
38737
80982
40443
94709
1955
46863
64575
62687
70271
92472
89320
27899
22126
13963
65458
73259
97567
83377
32671
9916
38014
5939
69319
79256
69908
52712
19016
2464
19463
92393
25035
12821
87413
59128
44905
83756
84473
27419
72215
42611
74416
542
70145
43735
66938
59162
12664
51207
89472
87958
41594
84935
96773
60780
91864
71329
71637
50904
68682
73593
63689
41913
18459
49396
20389
8262
96573
23262
58779
88305
1593
52733
12347
74450
62352
27769
36971
44757
43923
60559
46470
98553
22259
82777
72977
64165
75342
77833
96430
71354
69669
66028
97562
27156
56011
11652
62845
44275
90555
64089
32436
63709
7674
44862
442
54645
24901
27093
67497
35347
95839
32422
33992
66670
5101
67026
65918
42637
65961
95313
79212
96055
52144
20666
63213
19138
49170
63782
60659
49566
86011
35952
9216
75227
35857
14763
30408
8204
22401
14772
72374
11980
76604
99138
28041
11873
31469
22675
70684
53876
975
19583
72212
98065
89931
55231
75861
83637
50886
74414
58744
81168
65034
75473
68843
17606
995
93870
74763
85474
32459
1294
87041
49879
20785
90586
56909
82666
50542
33334
25488
41493
57996
61038
50161
26537
88529
97041
25615
77303
91710
30406
12977
99703
54967
41847
58046
42461
99036
72690
34325
71871
10951
347
33512
90885
84151
65720
13261
32790
27163
28787
72862
98190
58993
8248
74065
20899
6732
55961
10907
54275
42516
59404
35037
69233
91960
88141
68184
69758
69989
89377
33852
27409
64215
42206
66060
34504
7619
74839
84205
16062
10939
25190
10075
51841
15511
80802
55413
50688
38751
28262
21072
59730
60863
38452
15651
38468
7510
5927
37474
59638
73821
40776
85839
44137
42510
44009
14573
6832
98222
64197
49833
24757
95926
82812
64449
82328
25409
14713
94486
44196
83785
88172
60527
35152
52949
8345
23392
46474
59368
1142
7594
4777
90471
36558
1612
10367
34684
49959
82711
26694
71900
70101
11043
28943
56566
65013
96376
45781
64466
70687
19790
84683
5575
86352
23567
93731
2367
54860
9641
44222
28024
59621
26378
47641
93197
5986
54118
56577
37320
69498
86207
29990
39868
65316
22302
93369
10670
17400
5121
56244
13234
85103
2122
25861
85744
77031
28145
33453
30962
13737
19123
82299
87434
48735
45558
11258
54236
25787
47704
385
65273
72764
12334
91683
17690
46586
73311
73033
51985
75762
58136
85602
66007
37731
73852
28185
30597
19485
69117
6437
17947
51446
48084
67995
80699
3385
97471
43007
99576
17856
62774
74153
45281
97004
98078
85196
55858
20276
51225
31817
57565
58488
11186
11835
88143
21024
15044
4213
40622
62467
4272
62826
39252
48229
10412
18966
91895
72179
62436
21337
67919
76398
11941
70767
2752
98222
84043
31820
85550
91255
35329
32955
6857
61260
81653
14192
5105
16499
31202
1401
7732
34131
29893
11810
51058
66113
61356
49983
339
27193
20954
24105
98732
19692
64321
32747
67886
28579
30545
73679
19807
31854
87549
48277
54413
36963
60926
87811
95080
3489
86920
93374
82017
37568
74134
17712
77073
2139
68507
22981
61201
86644
13672
58127
11090
51746
1481
69020
7274
85934
51425
42935
64398
47517
52459
89801
24284
50787
49054
46951
52469
86206
5946
12972
6900
6540
15230
22060
55515
37763
65772
85321
86715
67395
41617
95825
31849
35113
48992
39690
84831
5727
68894
70214
78151
39717
13030
80020
77155
27071
75330
58685
61849
83202
46218
47935
21261
68829
61528
49119
84000
19926
44272
22937
793
84795
13796
26836
53546
19624
76028
53745
73048
59926
55849
18597
71879
67056
17733
55272
3076
55432
58144
49503
32768
63205
46785
96238
99566
91915
3696
14705
66038
34070
7081
3894
91243
69402
87733
29989
87914
26795
80221
5512
11706
96999
71370
74271
39041
99289
63213
36047
39723
46405
99684
20241
97040
81721
64503
89907
78822
55429
23211
98357
12709
22102
54655
79203
43757
68931
67477
87201
86030
37841
44121
54620
55033
85185
72255
9399
60147
93692
91028
63556
99409
497
3421
61706
20057
73024
90573
96148
71688
83252
2206
39275
74517
27116
33135
1228
56823
9692
5593
15339
75331
53088
74142
68296
95974
631
93376
71278
39802
13218
42759
42612
50322
36953
36729
92930
74383
97622
27872
38358
44131
81501
23146
70720
16074
80613
63406
49457
77400
78034
70259
36339
65124
96909
14860
53422
1117
47174
84051
71613
38065
45622
71369
68436
52819
42614
48265
29961
84289
95566
72447
91447
41859
24137
12629
84535
49947
50501
81710
22212
49863
73752
41258
62305
87383
47087
55725
54651
41642
61942
65469
36443
67918
69751
65463
87108
54262
42692
20276
34373
32946
92989
18523
16705
1800
66274
12242
1462
99572
30412
57926
64328
50239
69276
81661
12540
6827
78533
73501
90618
66277
29332
7601
74358
58610
89979
85353
35644
55257
30553
28055
65
5612
67404
76151
73472
66351
79050
72810
29044
51257
50356
9374
5290
95506
87221
25647
44507
48785
42611
79962
73205
89554
39092
61472
49044
28927
35764
97122
55973
9471
52361
76450
33595
88757
70568
91348
56621
92964
82021
13912
52604
32167
29816
69447
77491
8319
14918
28071
4341
95491
47884
15192
58473
72784
86497
7534
81515
42853
88078
72810
54041
42161
1192
93302
51243
44145
5975
7038
87423
94565
87215
82021
41780
39056
78755
76696
4794
53701
59240
83506
80726
89521
73741
86151
99845
7249
3499
84843
72997
70136
98585
74179
87772
4228
46627
44340
78186
78358
30984
16160
74875
94510
28143
81203
47274
50208
85938
80480
1107
41466
47550
12181
66118
60529
87417
27354
82971
75637
20978
24696
41938
80646
3119
6920
53233
85938
4620
54352
64573
37036
56037
98405
44225
48298
49191
76158
66944
37928
84585
42247
48115
91460
56055
81686
51659
73991
2617
42119
3647
34666
25961
13282
71112
78565
40386
16031
98010
83961
47328
59885
1503
96162
18481
27002
58968
36726
80120
56575
52161
91476
11014
93303
96357
35897
92714
6318
94396
92524
26198
35311
5245
8675
72859
43828
23416
19405
70493
1957
12799
68842
74779
82140
9515
40050
43997
59151
3181
74493
42982
86187
32378
1006
47450
46010
70844
38074
30529
24189
91006
20489
28282
33858
47238
43396
79017
64167
39759
80721
93287
77866
95841
79264
95916
82447
97031
58748
86025
75245
91898
39347
50303
18139
96345
5835
17018
3536
3957
10859
22255
67595
98065
3177
84278
10052
4231
52395
21981
10000
15984
18035
83040
73137
45783
25006
5786
57661
38086
31021
95200
99296
31396
96248
59431
64428
49024
51246
81194
52803
54595
63253
58157
44099
53744
24075
13767
72152
85448
10075
59153
37590
76762
87027
87068
41990
99635
36652
86972
28333
26490
16579
60932
2786
58867
55631
75956
50239
58821
36930
74115
84463
1025
62797
24990
16708
33628
36272
93376
64049
57774
68379
86058
43978
99641
21706
96339
28312
5905
97698
26697
36879
63662
77278
6039
55958
73716
17097
78421
74268
56173
12845
58524
19172
42190
28653
52416
11729
84628
57134
74373
20236
43593
92268
9732
46506
78881
40718
73662
75471
65080
88463
74523
87008
77248
50685
33334
5060
13749
12736
42603
13656
75379
90336
69176
39583
89392
37295
61306
19948
64462
85141
54670
42807
770
38781
15672
88516
94159
46632
4259
29635
33110
29213
97618
31208
18118
66926
52311
25384
97689
41001
2843
64967
35284
96420
60914
38768
81560
98513
20121
86486
29607
24120
7331
28669
63130
70423
19167
19758
59265
7435
29257
94324
77108
42607
58706
32241
50826
74264
11802
96617
5725
35311
94319
85274
71683
7320
28739
79489
76251
92745
89622
21758
96651
84437
87325
58099
86069
10219
43627
8215
59920
62331
99360
40686
94488
22780
97712
96032
34200
37408
98940
62013
92555
86349
71952
79614
95525
8347
22130
24368
67756
78175
2046
77015
92400
48571
16519
26922
83490
81326
81380
17120
16754
2821
89995
89102
46827
30143
22258
10251
71024
99360
47502
93389
40572
41928
88759
67201
60887
87655
94154
47038
43148
39236
68850
52643
30466
64668
78621
72465
69494
16209
75373
48171
86671
15532
83817
30434
61432
62362
84545
20827
51300
36650
47824
47994
70868
20991
35377
90026
62725
65614
24848
53149
19407
36879
955
11871
29205
97000
33761
45092
1975
48641
63447
29778
1163
53953
74063
91185
69080
43366
86177
6893
53235
12844
52263
75341
42756
9646
39285
18959
52289
97782
48457
27960
67345
47973
88292
87716
33289
7143
22577
53225
52840
92291
12630
61829
11572
95793
84149
55145
12034
49126
94968
34831
58513
312
34080
99749
53240
77627
11522
16554
18649
82207
31429
67204
90153
12160
5050
72004
52044
13529
15334
95400
57624
34061
43905
5908
58555
42029
50110
53282
21359
99598
34790
97014
55123
58529
31663
27675
61440
69632
86882
28035
16578
10200
83472
39072
75323
82176
56576
30584
43471
99903
82123
73971
34500
20382
9469
57568
76031
9198
60045
66481
61309
4578
45912
86569
52202
31716
9724
92830
59976
27760
21286
80324
78374
64984
87184
45317
4459
36924
25191
53546
52525
96678
35141
35701
16693
74036
54783
19112
33355
55464
32325
46252
36636
44215
99200
53573
82858
99862
61757
15451
7553
63437
70432
55449
80535
20617
16555
58492
40911
53249
13752
42017
66594
44089
76575
20050
79477
14541
5443
50308
68891
45258
41419
16414
22554
78402
60791
18102
81422
75985
80848
47205
23822
69586
86976
51488
34311
88305
5984
58719
77167
52388
1122
78695
11523
15661
10549
67796
51484
52679
44547
4162
51204
79336
96282
68050
61742
68785
33703
45425
35049
34416
82971
55126
55662
48169
13640
10800
46051
16006
21209
64179
84763
4901
35500
54681
86046
79616
51814
24603
82757
9008
13098
52620
87327
64883
96317
33322
48877
33851
79393
90392
92469
78286
86474
69229
46984
26207
19931
73959
82904
85323
64849
30611
11962
48357
95845
36531
19380
57212
91095
32765
16070
66513
96968
50429
95488
98902
96718
57243
97950
38271
49602
46212
63583
87770
43627
2308
67699
28658
41618
5002
38673
19266
77674
10358
32072
26474
41012
51463
79576
69975
85760
55996
62661
26271
1366
52950
94506
23815
30097
9379
44395
98305
48775
75633
38730
76989
39274
32489
51377
55905
17249
48585
12378
37672
71018
71240
76750
50266
2467
33970
15865
17092
43392
21186
17274
99057
83989
33885
60277
39336
39880
92504
77604
32753
33625
96486
66547
7560
68815
2349
91169
31797
59035
84485
26472
31128
9571
34474
93686
57962
77828
87304
87115
59799
43486
23846
11498
72216
54057
61760
85660
33930
90316
67633
36587
37762
85952
89256
96106
95991
90425
30700
37582
7665
13326
60297
98654
38602
94677
91622
15179
17580
69429
38204
4188
23904
42520
29800
76260
52436
90314
88287
66879
42985
80868
91584
73408
30897
54197
69723
30939
74233
99142
35852
31108
22565
21745
35909
41057
31095
933
94445
80879
78497
63645
87007
56686
31496
45763
41200
93074
47435
43597
24615
54555
35436
93873
46742
41376
53086
13792
5043
38249
60776
41316
15982
70378
5710
31094
79745
13753
93504
36103
13471
46263
78033
61106
9490
34499
66550
3146
970
83886
37567
30266
75530
8660
21207
36135
2427
35763
88874
62202
14440
30571
42424
25326
86628
38014
59349
23284
28577
20778
26026
65739
35810
30663
16126
4350
63310
33133
89237
26499
78424
57443
39547
91427
98220
40096
31719
81402
60779
78613
96345
8074
99865
93735
38475
43873
9977
43319
7704
44244
4128
29475
26733
60360
21645
55871
22611
69305
89669
76676
5311
61367
60345
69801
79552
90132
80897
13320
26077
83713
9195
54607
65347
75144
32164
25900
6456
43592
19998
60546
90576
80424
55638
526
37984
71316
88508
88047
95671
89983
91725
17251
15283
39565
945
26470
69054
21658
24484
22276
57572
91233
96721
88792
24038
94761
43929
42555
27327
91021
34195
41040
80355
49514
37498
38115
4860
30510
8751
77038
38852
71099
81043
70205
16148
90027
41490
17209
80486
36982
21074
74726
61669
79836
47137
59257
30099
45666
66639
45217
81848
25634
25054
10693
86444
96889
97091
53881
11278
65824
47377
76493
42538
9778
36133
97185
2568
74897
96315
3865
95467
18378
92195
38088
28371
51984
32439
29659
72970
5391
41955
62681
81110
39161
33561
38966
70298
19168
69075
44302
18896
80116
3550
37403
62331
45479
44731
48901
87375
91049
15852
68369
38175
71207
81782
45696
67759
40733
26320
71049
70974
53974
19957
51143
39811
88732
98582
18746
62875
43986
88503
39451
24621
96788
51665
3515
91762
13187
70268
81982
21246
1007
97586
22092
18809
67318
36358
14433
84552
16249
3711
57403
32992
95890
52786
54395
34753
74393
53964
90871
75075
12787
72475
38595
75660
1926
58439
64621
43207
15297
4125
17409
90923
64286
13657
29202
91965
6967
98594
25961
31170
64613
83099
15970
72875
98860
52543
91881
57626
29056
53856
48061
2468
34589
17071
24491
19103
24459
21036
92664
88526
39897
61510
84167
23129
40647
59115
43779
90994
52215
57030
71312
81092
3276
68881
86862
9066
38696
34450
36754
45705
71251
87621
86034
92355
13663
70936
80743
98875
13045
74713
41237
56431
72046
48184
42919
89945
47197
73060
56377
80408
48445
10787
74770
22126
95266
68545
72278
68810
47941
9381
26407
51995
24836
66227
1395
70499
65851
77025
42017
8132
40189
86034
92827
81817
67344
6460
19469
22989
33176
1531
66666
32700
39998
36018
53693
72734
50615
60406
59333
36837
14280
86645
441
80359
15896
96210
4845
10673
96379
88869
62469
33315
36386
73451
40446
10204
22015
95431
71686
55225
81686
79641
38608
36519
74698
84732
83732
81264
54232
85542
73468
91029
80691
32461
30489
5728
14909
76821
34260
74229
14821
77698
3499
41386
93747
79981
83774
2906
3020
53631
37763
65130
17169
64112
17037
26738
24004
20676
44290
25864
39771
41507
49965
26462
95178
53119
65886
34496
17149
21355
13845
8132
95127
56491
17099
96892
51385
59425
26218
43129
11109
58088
8169
57042
22093
90802
86411
20106
85527
35201
59733
71155
73834
5083
10404
19151
86608
36533
25976
2732
92225
18303
2546
41499
80506
13731
83634
16608
10584
15831
92949
29590
42001
4542
84033
39099
10228
66056
21787
10175
83826
92259
74273
78740
91446
65268
59290
14222
20563
92524
3469
83581
67654
83500
33863
54804
5167
91251
65627
98260
76673
87965
82521
53417
44402
47869
83707
33292
26396
48509
38345
52709
95755
31100
93955
89640
31603
44811
33624
77119
99731
30706
56621
46451
83048
30272
37146
19255
30638
14498
37442
4374
18849
76516
44129
49788
3048
11357
87538
83759
6261
19888
86151
98894
47924
68474
43397
55348
41429
7211
66918
70928
79136
11944
69553
46607
52862
60894
24478
84631
45690
11493
18866
64002
2924
53390
8354
75689
36091
10508
94071
7423
76118
57236
55882
703
86648
50141
28687
68764
59566
98852
13530
92023
29932
78395
89205
11958
3966
60208
94771
49928
12192
79739
47196
37383
30348
28960
66209
50930
98306
18525
57584
22659
21663
61749
93481
99278
80786
17491
93174
44848
48463
36089
90007
73783
67000
58882
70444
60511
99086
24653
26955
5177
32627
28928
69542
46975
48260
10160
19136
60467
92757
66062
17687
56811
32597
14434
36917
50826
63516
17630
75338
38182
3758
60925
31725
51126
60721
89292
35381
6068
16207
51671
112
66201
25847
20663
54910
54035
33984
82174
74672
86849
4109
60267
19084
22044
44210
59200
52499
46745
2426
24600
49771
37434
92646
19887
71745
81161
32557
69989
1936
98024
79133
62752
84239
5911
94727
99978
38415
78608
46722
34829
68787
85486
78159
64408
78563
66740
88472
13402
65157
87176
8091
12932
4356
84540
72556
13737
89855
27433
56082
83581
76673
39097
66108
69508
92988
75358
42262
98851
20225
9987
70695
36020
63323
57613
85581
9087
5921
82760
27886
67932
26296
43969
1424
62104
55621
2219
99762
72868
32560
47549
8127
91020
17358
35420
78674
41945
67686
716
65042
36325
76630
21876
77848
19013
84847
64056
34424
96939
63372
90579
73225
82476
62964
37035
51434
59798
65844
41699
66359
22362
12591
45800
57323
28129
9418
12194
34530
21223
64728
65181
54796
51715
7360
82171
93729
21418
81431
69788
2191
4876
22553
56039
58295
57422
40303
34837
44676
41957
60308
74094
51882
96827
54893
17335
1830
54871
51327
97573
93954
90729
68088
14037
82761
92740
67076
65067
43780
28786
3648
84785
35630
34407
96089
2738
47023
90528
67830
25029
97857
88352
46164
75200
37997
54731
90056
87079
70845
41381
32671
58521
21099
8328
80865
66555
38471
12697
87970
160
63760
72801
52066
52452
24671
17811
62492
80147
96706
44811
34319
73228
63990
93375
25818
85914
41799
23505
85141
81407
38961
49721
66320
24870
21691
20018
24785
48168
37715
73402
41165
89739
19570
98683
46634
69846
86198
68612
53172
21609
60744
68476
4232
82918
77628
99948
8157
45197
31474
82004
60877
6392
63357
30458
34758
29871
24057
22287
54555
7660
1288
25888
62815
39255
83421
49971
40107
25320
42792
56586
12653
87811
88483
43419
5052
1506
13920
73353
38
73763
31669
22046
28466
51722
22035
33573
26535
22913
28642
69145
53010
40310
42688
97983
29800
1958
24571
96773
46167
20285
23744
10598
10468
61302
22375
54350
75087
23893
73272
8164
38280
43897
60249
20848
48034
94147
44952
92391
94053
31278
1093
20771
88023
3161
5321
72209
67510
20244
97158
18785
6447
82222
29784
6491
21038
38463
85945
41451
36282
89134
56212
8565
20565
84677
52558
87904
51299
81923
9462
56993
15548
4166
51102
6574
33994
48603
92460
66295
41628
51737
32621
83472
91896
62621
66184
85108
69653
36799
79298
86825
50397
41497
39458
78638
17323
5152
80946
75354
10654
58525
29725
92715
50182
64566
13109
33348
72588
19185
76190
98405
98814
94561
15269
6731
72466
40208
54323
18972
10229
16611
10312
8614
24532
35181
88938
28986
84649
68328
86428
78446
63813
82422
6729
10548
81439
46308
88820
53013
55279
50935
24586
5625
7891
75694
43709
32216
37763
47741
10160
91067
96886
5909
78490
82602
27627
89149
92678
52809
62052
48136
22142
69440
18403
45340
7225
9908
1604
56748
64965
54459
6009
5493
73413
58842
59545
47982
81071
29579
75174
74815
23899
81911
92925
36262
19597
59478
69189
73217
30146
34078
99717
71306
29944
57152
83382
49810
72001
35490
21764
8142
19532
67622
56799
15058
1697
79049
7820
39850
63979
21116
39686
77299
27103
94647
45655
62664
65874
40657
74324
10324
81877
73074
20005
59139
80707
66376
28950
47799
41630
63037
92353
48517
1960
19583
1212
52419
35987
68888
84915
79869
18588
38889
6631
36721
66809
97687
19260
37071
50876
73970
41160
60824
96963
13463
9036
82441
33280
69066
43894
26740
38096
97938
30643
50468
67234
79240
79490
14313
39618
99077
4555
11892
33145
24040
17660
32431
57422
69623
22882
33054
25650
30687
29731
79761
38391
28495
21787
34284
7056
1008
37224
719
60078
7620
58312
72248
59508
57582
56327
24887
52090
4368
47969
8312
32896
72818
55989
39522
379
73610
95148
94328
48503
19349
18506
69182
97045
40210
43793
42036
28748
43932
44536
84235
84013
19355
22272
17388
91521
3376
25704
8319
94505
40374
10892
60071
75334
8675
75687
71664
71213
75775
96487
42891
46059
23315
76286
49810
13516
28751
82093
31680
10040
32329
28967
82371
66404
46595
93995
27103
22738
44450
91344
33659
8316
47131
16418
54503
95178
14406
27284
12000
99295
63263
42973
48850
66690
46859
15708
61728
71066
60988
33147
12797
42311
75205
92974
76557
88339
66225
31531
60039
87718
96288
90528
85357
28306
84412
79995
84071
71543
18229
74240
37297
61406
44449
36375
49048
75861
23578
94371
55940
30839
332
59725
35080
25731
36919
53314
22440
95852
70783
76273
68922
63607
49025
5668
76581
96939
40546
34152
27456
85505
64583
42872
43486
44158
38917
19245
94437
63562
54885
27251
99348
81076
13433
89892
16998
40319
77789
25808
26406
5124
81821
52747
80318
22200
6647
23086
74407
54224
71010
84431
72405
49406
3518
96224
33099
66537
7257
20193
9422
31112
68331
3854
66519
37936
78506
6264
91222
61156
81373
55238
44766
96637
75917
27668
72463
4633
8832
21681
23578
75249
14390
98
87732
61094
55121
25924
45171
40793
13907
30285
51759
5317
27319
96750
74419
84988
8815
42746
34897
75955
21285
81877
81848
68071
3834
28594
46228
18078
83985
42357
44811
38430
56861
87452
16647
66177
93918
24689
30899
85647
24559
48856
42152
51098
34660
26908
79439
71384
59404
89108
62170
59424
77343
21699
48860
5312
793
12607
59811
20242
5046
90629
62833
77421
42320
68957
12396
44361
6303
93040
15254
15756
47827
53095
49204
9007
97863
46692
39976
69512
35838
11581
42881
94921
31256
82113
4059
96120
36478
416
86134
6020
29861
60499
41961
70960
55571
83407
73010
8124
30945
4770
46605
37741
4653
85984
46620
56248
85219
33956
70183
49121
23570
40743
94331
53898
10139
51176
73729
61676
23816
5761
23894
32940
91677
67702
51167
71948
13297
76636
72863
67196
22143
66724
44354
51978
52117
46533
25654
5632
90471
8498
79378
76788
40498
67354
6569
65593
26878
10123
62544
28687
18451
66227
21005
88911
54262
33065
46698
43211
23883
60383
84045
25756
72860
38697
51069
72661
64199
88923
74720
22291
32884
4831
394
50096
68686
52638
21213
12239
17274
59124
94672
54079
91183
55442
29669
92579
5842
10705
82764
82331
74111
72608
14248
6106
76983
14889
40788
1315
21111
53861
7693
31196
78319
83689
5436
82403
75309
25239
8136
10841
60375
36371
20198
20053
23845
86142
15119
81905
53760
94291
68123
39960
94554
54693
51499
73477
34831
85769
25210
71659
1242
13651
11666
86215
74937
17321
17787
64683
79572
27155
20259
62240
77114
76449
48215
1786
90104
6959
77036
83486
18436
38378
42412
20803
27116
97201
77026
36336
16018
1792
31147
84387
75749
27037
34776
81966
84189
51230
86837
91267
29188
47088
38837
69320
19575
88843
72684
97806
73504
86859
34314
38735
4968
24039
78997
19967
53642
67805
6599
92114
77264
25639
54029
23855
28035
44250
66312
72555
96153
76050
36008
60527
65993
29381
9046
46527
23671
24644
3443
47418
4436
12270
75420
94909
14907
62866
3943
20900
80901
98937
95061
10005
58674
29961
23849
46731
75595
66990
82422
88241
91493
83074
50434
21860
38462
94166
89715
79237
8997
15734
29554
70367
52138
92012
84587
46531
29032
90713
547
55535
34681
27278
33291
7673
35382
13032
90087
85259
95599
13235
39672
43949
77466
6047
84685
42140
75426
15281
10988
44604
91537
94706
91879
29225
89313
79708
43760
93311
37827
15071
16779
56300
66756
24543
92881
85363
47289
88302
79270
92175
19360
68804
64673
16885
95199
80574
19710
89821
43488
89570
197
48521
45905
38108
36658
8496
53165
75146
58515
49434
74481
75162
85078
57471
85077
79480
96684
73970
78050
41469
383
46592
47778
176
4951
89856
63281
41714
9197
72489
38236
86661
766
28006
31953
75662
13734
65637
32572
45372
82637
73605
13388
51759
76409
20141
19053
40567
23359
49929
63872
19745
82107
5641
73793
97564
59885
41280
8650
83890
43746
43736
33388
92820
95608
56721
19337
77318
16333
49144
82500
14452
40505
41588
44390
89649
63936
755
56162
84792
22097
97836
5494
39393
36365
95515
83366
82726
17700
221
99579
18119
58940
92741
78066
91139
22747
92334
5668
50822
75396
54636
82571
71430
93188
1576
27385
97384
51011
40780
48670
66361
4417
46406
53167
56229
71820
16526
42615
77403
11066
3891
54476
18258
12584
98579
1169
99559
42340
95576
46995
85062
37244
45525
42735
2463
52877
56324
20434
62553
10103
38165
51045
91341
84430
19523
98618
35159
64224
29390
13646
90836
45861
72722
549
19649
38829
39315
74883
4951
63436
21178
37454
10806
27041
81879
31560
32658
56269
68523
17039
18783
27329
69693
88698
23465
98533
36901
72581
60762
3578
77042
24697
13252
37057
75431
72816
22500
15504
60268
64786
50942
8133
43330
59761
45790
56058
51838
28761
21916
29107
2395
37233
83342
98038
90856
56301
92935
90590
64700
2849
58016
69052
46640
1512
97668
42049
17872
46752
8914
10171
48812
9860
22494
31995
65383
94690
89329
12541
12842
40794
71968
68398
3678
13621
83871
69207
14340
73685
16444
29997
71063
55151
52429
6468
90339
47193
91874
84902
70440
58478
35857
8985
29264
9844
16501
96151
26976
10022
54167
27314
96007
85900
87530
71984
53847
16470
73231
7939
15311
76544
99269
78069
92897
38259
7764
41169
48726
25547
54948
41899
6158
25729
91254
20503
49233
93135
19462
81918
43471
35531
90859
9329
37692
14418
96056
49938
42471
36423
81340
76479
1594
58339
13972
44687
32883
10286
26704
14587
71462
8437
34259
92967
55429
53272
53977
53377
16644
94410
91729
974
32384
81668
58063
63045
14540
51590
46441
17005
80999
87526
74117
38232
28787
36933
47958
37931
4415
26838
59574
60149
41197
28994
62823
53048
14549
84364
74580
18624
24540
80681
90810
66392
16595
31447
35543
73367
26426
78793
63979
57050
4619
20801
21449
90657
84065
88465
69417
27614
25194
23364
31544
54752
36279
39150
99106
40193
71862
1193
60993
56596
55001
55991
10735
66528
42172
52082
49721
88428
31755
12527
33630
88954
93704
82160
1009
55751
22860
82051
32510
33847
26214
86762
31834
92196
3841
53903
1173
53824
95593
49541
12665
47095
79219
23069
1765
79430
92826
79261
19339
83077
75482
77008
68295
38813
75105
97233
53429
13308
54748
6672
29842
55205
10571
84341
17450
48717
36338
34838
43258
18243
53391
70698
74794
74076
12404
28575
7299
86540
76139
14732
93726
65701
13070
8588
62549
47372
22853
41413
1124
25614
91182
63237
14014
8705
42279
63016
59185
69156
31303
38530
86255
4774
6876
13909
40841
48637
58641
3330
89251
54105
36176
92290
17790
16850
36689
98433
10536
69753
5358
76833
35346
80493
65413
83841
53101
82809
94104
14216
58323
88413
14693
37659
20829
81852
56081
18620
62247
4890
26702
31626
56324
17368
34185
64509
39623
8249
56240
55389
93897
81392
38075
26483
36492
85375
46742
65786
38897
59979
79276
24358
67854
3067
281
92482
81086
74018
3271
124
51056
16545
92596
97920
10859
70717
3030
90156
27714
19069
83068
91944
16996
7606
11269
12059
80683
48850
73981
83405
90403
77766
50092
26313
99579
42011
16139
86426
75448
53911
83580
44494
93955
61958
56357
99692
34922
78548
83677
52208
3183
54803
12271
5154
20285
56406
60505
5672
30043
64012
43910
80065
95507
24061
50091
11194
18015
71636
28422
65193
69969
26272
42360
60497
27430
41873
20238
43849
59313
67291
73422
61079
61026
20561
50255
35336
95194
12130
37838
31283
73726
55475
77374
95458
97196
64741
38859
58818
1425
15307
89130
71224
2095
17539
9677
35664
85183
19491
47225
72635
47404
26064
77116
70858
29635
70758
64347
32459
85427
80138
39489
5828
74162
68447
66540
6778
94962
40662
80000
40317
61117
39668
27785
24641
6875
83337
93737
15912
65220
22533
93598
87316
58864
31853
77078
46837
31610
56106
61536
86596
20186
29268
5395
56525
52460
7314
31317
75554
91247
22192
38504
10817
3769
72687
74841
79194
18768
80362
82561
38246
74889
50096
64078
25419
6760
30508
79893
96003
76458
69251
21322
68535
62352
79234
78244
96008
93544
79232
83331
91676
88637
70225
23642
74910
78224
50269
1815
57767
47959
43777
36312
70407
99598
32018
54292
92077
45545
66782
80811
36595
36272
59726
6086
38187
41296
84057
98711
28055
40105
51165
27231
33156
35922
24907
59694
40267
95660
75678
58392
375
49198
24712
35414
84781
623
21325
15292
94408
7155
37780
12762
30774
75549
18443
8409
46307
78819
26521
2586
38346
55721
15440
85245
19233
65456
58398
80721
62093
70117
29537
94540
59844
60644
10205
59150
9689
65227
13227
89162
50165
74056
165
7163
13612
8377
22421
26518
32676
16459
36747
79395
24708
99574
77627
5120
52095
88974
6107
98841
82683
87675
81973
55
82843
56601
69934
14310
33447
76579
44966
5637
58974
83833
86186
39797
19847
28421
47569
72543
39589
82587
41191
60737
1398
99932
24923
19107
23313
90717
10209
7741
52065
89709
61879
95252
16116
39045
39419
93577
82091
48982
55376
90848
51052
80768
8180
85073
47247
13190
8599
25320
71567
38266
37130
31545
4305
38780
10469
51480
34774
32422
62593
43512
80623
33731
81847
635
86560
16113
40407
68772
81784
57851
23502
33757
86217
14543
62203
18645
47961
25059
82216
71583
51258
62665
85686
28620
84737
89772
96330
58934
8451
74268
53807
25870
55132
37854
35143
48562
43114
4657
98532
31454
27366
16070
66868
67869
97133
91671
18779
72062
42893
15008
31072
76049
56980
54809
7722
23959
12484
63116
16153
97937
70189
90637
85311
77924
85631
14072
82549
13188
39207
291
49780
11447
77681
54145
69991
4431
8916
43294
22153
26067
60523
60172
17346
52996
17953
45043
48257
62680
49962
28908
36763
41472
80289
89634
73188
2406
54769
59427
79859
94100
29910
54619
82000
46441
46081
99248
86091
4181
63440
37725
49478
82919
89365
28843
60479
17652
40911
10896
99408
22193
37774
82058
31320
52247
76616
93853
92941
22955
63733
60879
62925
65557
13794
26112
81950
18422
92603
83004
10639
48717
50929
19828
16244
40455
14356
60193
80740
58124
25843
87456
74226
97236
97844
5715
26498
36232
88254
61947
36787
80321
90395
54012
28255
1381
33976
28678
38217
41568
95865
91868
80922
59977
1297
17334
35645
46325
24153
72022
16513
4608
83146
93479
50899
70746
61393
79778
52271
45753
3758
84507
19157
2589
15417
3665
83860
10681
47334
90058
16602
46012
67977
29188
11597
72805
36273
37433
66640
91002
7272
18085
19713
93690
47556
38751
60652
18055
80221
5966
8004
58909
58372
29703
12964
8468
94124
53368
95151
70460
3499
50004
96523
56139
52798
81415
86960
94216
55389
41885
74242
8008
43812
76465
85395
98068
54310
48179
7961
85597
13215
87055
61009
37456
22069
3663
35381
5565
95294
67622
64251
12078
71556
88316
9337
91750
85883
40474
67651
99696
50553
5037
39881
6235
26070
54747
43333
13289
32367
33942
8575
91419
12688
99126
57616
55784
72681
22109
27422
61135
89132
8059
68804
1723
25406
86558
92422
64140
32491
40517
14100
97751
88681
75663
56226
43295
34392
9147
18758
71550
91498
49592
44865
35179
30463
2676
50902
49393
85606
41802
11691
75533
45747
11887
93922
41017
12980
691
68025
76120
21076
7202
98040
28568
86941
95481
89560
16380
3885
68754
76083
79674
33660
85968
29515
76879
92316
11193
53575
22708
78522
9773
83608
72697
82620
84700
84361
82316
54062
80727
41379
69008
33201
70945
34363
29319
20936
43036
97311
1365
30634
87417
9485
40245
50860
31605
32927
48109
4160
9816
46474
10988
1589
6011
11870
7130
21899
42272
79592
76049
46135
54938
84913
57539
97049
43588
27101
25596
18037
59933
23717
44597
63933
33039
59741
31731
69380
86405
23026
86521
48180
12438
41381
41925
88994
78130
86649
5601
47209
90354
91555
91225
6338
36167
88733
58111
52794
20328
37644
34154
40818
66658
8460
56655
81652
91716
37803
38672
35660
15113
9305
98886
65576
65755
13803
65791
97225
41148
93327
3911
52043
9361
57144
18445
8120
97429
86451
60312
11277
41689
86963
63314
5077
80534
60831
22617
39738
69204
55699
42323
39584
37849
44173
65670
14758
26595
24304
12532
84423
93477
54028
22153
62268
67264
63385
5664
16620
44473
27018
1977
41556
28632
77806
56043
55764
93928
14200
83973
10367
85848
27264
33824
1327
98409
54767
84627
802
